2.45971 0.00000
2.68257 0.00001
2.92562 0.00001
3.19069 0.00001
3.47978 0.00001
3.79506 0.00001
4.13891 0.00001
4.51391 0.00001
4.92289 0.00002
5.36892 0.00002
5.85536 0.00002
6.38588 0.00002
6.96447 0.00002
7.59548 0.00002
8.28366 0.00002
9.03419 0.00002
9.85272 0.00002
10.74541 0.00002
11.71899 0.00003
12.78077 0.00010
13.93876 0.00025
15.20167 0.00059
16.51376 0.00113
17.65844 0.00190
18.51391 0.00266
19.18259 0.00339
19.79723 0.00415
20.35117 0.00492
20.93711 0.00565
21.42137 0.00646
21.93411 0.00741
22.45912 0.00843
22.97858 0.00943
23.36222 0.01030
23.73355 0.01110
24.11078 0.01195
24.49401 0.01284
24.78542 0.01364
25.25890 0.01455
25.37868 0.01530
25.88390 0.01622
26.50346 0.01764
26.81878 0.01845
27.24505 0.01932
27.67809 0.02034
28.11801 0.02136
28.56493 0.02235
29.01895 0.02337
29.48019 0.02438
30.04336 0.02550
30.54496 0.02654
31.03045 0.02745
31.52366 0.02829
32.02471 0.02911
32.53372 0.02984
33.07689 0.03064
33.93736 0.03152
34.51563 0.03233
35.62156 0.03313
37.94085 0.03362
40.25216 0.03311
41.37844 0.03237
42.20217 0.03154
43.21232 0.03058
44.21178 0.02956
44.94993 0.02863
45.66438 0.02774
46.20766 0.02691
46.94210 0.02606
47.68821 0.02506
48.36985 0.02397
49.02256 0.02294
49.80175 0.02185
50.59331 0.02075
51.35695 0.01970
51.90653 0.01890
52.62771 0.01798
53.46420 0.01689
54.31398 0.01580
55.17726 0.01472
56.05427 0.01364
57.17016 0.01263
58.07884 0.01168
59.00197 0.01068
60.12911 0.00969
61.13300 0.00873
62.10467 0.00792
62.84355 0.00723
64.09459 0.00650
66.61934 0.00489
68.80814 0.00395
71.01285 0.00311
73.57770 0.00230
77.14217 0.00151
82.81525 0.00076
90.31863 0.00028
98.50184 0.00009
107.42649 0.00000
117.15974 0.00000
127.77486 0.00000
139.35176 0.00000
151.97756 0.00000
165.74731 0.00000
180.76466 0.00000
197.14263 0.00000
215.00451 0.00000
234.48475 0.00000
255.72997 0.00000
276.70969 0.00000
