1.134486799118614009e+01 1.037767490870159071e+00
1.133730912961922144e+01 1.125705996559728028e+00
1.134000683533068532e+01 1.216347944265392833e+00
1.133787911624918188e+01 1.308211401894383563e+00
1.132284708270695717e+01 1.400169999157668155e+00
1.129708648985636188e+01 1.491220470553961119e+00
1.126516260577962036e+01 1.579750493478711659e+00
1.122420599350923709e+01 1.662981734277869661e+00
1.117921889498372323e+01 1.741988580294247191e+00
1.111561600514395920e+01 1.815547689140092347e+00
1.104654812251539830e+01 1.883394942008223660e+00
1.096097110362328308e+01 1.944879531867536704e+00
1.086962985269497395e+01 1.999910866594115433e+00
1.076734471837085927e+01 2.047230140034661527e+00
1.065579575322479400e+01 2.087432211849157948e+00
1.053945704747588330e+01 2.120855719389906469e+00
1.041411479501448412e+01 2.147098684215772657e+00
1.028420988627294896e+01 2.166598385777913194e+00
1.014865012103911823e+01 2.179742886805447366e+00
1.001431587904201415e+01 2.186904326185255432e+00
9.878257076234525869e+00 2.188532605918847018e+00
