1.313348093098340641e+01 1.078312419869149608e+00
1.316219390082006591e+01 1.180259778167642937e+00
1.320516235587689025e+01 1.281965906691113100e+00
1.323680877366485298e+01 1.386167355589881911e+00
1.326078500448878650e+01 1.491051191301612233e+00
1.326920650819972458e+01 1.590147784805027609e+00
1.327374385266183943e+01 1.688709305014034712e+00
1.326586866290972822e+01 1.784021216018024658e+00
1.323477430509111841e+01 1.869971042879336132e+00
1.320030604624264825e+01 1.953096684080717349e+00
1.315630747508265053e+01 2.030172461640926240e+00
1.308854707606460188e+01 2.096656544835280744e+00
1.302084295326969965e+01 2.159361837404772722e+00
1.293843089160428761e+01 2.214551147018661847e+00
1.284509807920635893e+01 2.259882721890338342e+00
1.274860406221648468e+01 2.301444498810990780e+00
1.264735397865197797e+01 2.336257875913630322e+00
1.254199210787301411e+01 2.361549063786581915e+00
1.241872396017208047e+01 2.384233974172369042e+00
1.230030790319397838e+01 2.401575498177387580e+00
1.217919588952888965e+01 2.411206458063288594e+00
1.205426111723689608e+01 2.417974457446713465e+00
1.192971699208542447e+01 2.422184630916126125e+00
