1.203071837121823151e+01 1.014200623105805166e+00
1.201312533020530182e+01 1.088131745534938188e+00
1.199622602082711431e+01 1.162264953918223265e+00
1.197339906144038224e+01 1.236964602005141911e+00
1.195770560813225636e+01 1.312143782556560501e+00
1.191636570170309817e+01 1.384941857921060393e+00
1.188237453590190817e+01 1.456900189034626258e+00
1.183671866847486775e+01 1.527459645299565905e+00
1.178140749969911560e+01 1.593306060764905885e+00
1.172330116401337818e+01 1.656867908611997064e+00
1.165363492847975557e+01 1.717004396456602633e+00
1.157761029618466253e+01 1.770954489723485015e+00
1.149665642585814318e+01 1.821470610749046370e+00
1.140889257739989127e+01 1.867476938239461592e+00
1.131109320798540985e+01 1.906061819869433904e+00
1.120821530002389288e+01 1.941275775569605955e+00
1.110563999768329957e+01 1.972263022603270244e+00
1.099644597779237820e+01 1.996411893437467722e+00
1.088387271029552750e+01 2.016626827793006616e+00
1.077116470652573987e+01 2.033769067492230853e+00
1.065092990347377189e+01 2.045277643526093314e+00
1.052747592313379599e+01 2.052301936249757208e+00
1.040475738447368315e+01 2.056846928342815239e+00
1.028438159803474150e+01 2.058400669623219326e+00
